600, 450, portal, ufo;

650, 450, tr; 680, 440, tr; 710, 430, tr; 740, 410, tr; 770, 390, tr; 800, 360, tr; 830, 330, tr;
685, 450, rect, 10, 30; 715, 450, rect, 20, 30; 745, 450, rect, 40, 30; 775, 450, rect, 60, 30; 805, 450, rect, 90, 30; 835, 450, rect, 120, 30;

650, 280, tr, 3.1415926; 680, 270, tr, 3.1415926; 710, 260, tr, 3.1415926; 740, 240, tr, 3.1415926; 770, 220, tr, 3.1415926; 800, 190, tr, 3.1415926; 830, 160, tr, 3.1415926;

655, 250, rect, 250, 30; 685, 240, rect, 240, 30; 715, 230, rect, 230, 30; 745, 210, rect, 210, 30; 775, 190, rect, 190, 30; 805, 160, rect, 160, 30; 835, 130, rect, 130, 30;

925, 450, rect, 120, 180;

865, 330, tr; 895, 330, tr; 925, 330, tr; 955, 330, tr; 985, 330, tr; 1015, 330, tr;
865, 30, tr, 3.1415926; 895, 30, tr, 3.1415926; 925, 30, tr, 3.1415926; 955, 30, tr, 3.1415926; 985, 30, tr, 3.1415926; 1015, 30, tr, 3.1415926;
1045, 30 ,tr, 3.1415926;1075, 30, tr, 3.1415926;1105, 30, tr, 3.1415926;1135, 30, tr, 3.1415926;1165, 30, tr, 3.1415926;1195, 30, tr, 3.1415926;1225, 30, tr, 3.1415926;1255, 30, tr, 3.1415926;1285, 30, tr, 3.1415926;1315, 30, tr, 3.1415926;

1100, 300, tr;1130, 330, tr;1160, 340, tr; 1200, 350, tr; 1300, 370, tr; 1350, 400, tr;
1400, 400, tr;1430, 450, tr;
1430, 200, tr, 3.1415926;1460, 210,tr, 3.1415926;1490, 220, tr, 3.1415926;1520, 250, tr, 3.1415926;


1600, 450, portal, plane;
1600, 350, rect, 350, 20;
2000, 450, tr;2030, 450, tr;2060, 450, tr;2090, 450, tr;2120, 450,tr;2150,450, tr;2180, 450, tr;2210, 450, tr;2240, 450, tr;2270,450,tr;
2300, 450, tr;2330, 450, tr;2360, 450, tr;2390, 450, tr;2420, 450,tr;2450,450, tr;2480, 450, tr;2510, 450, tr;2540, 450, tr;2570,450,tr;

2000, 250, tr, 3.1415926;2030, 250, tr, 3.1415926;2060, 250, tr, 3.1415926;2090, 250, tr, 3.1415926;2120, 250,tr, 3.1415926;2150,250, tr, 3.1415926;2180, 250, tr, 3.1415926;2210, 250, tr, 3.1415926;2240, 250, tr, 3.1415926;2270,250,tr, 3.1415926;2600, 450, tr


2300, 250, tr, 3.1415926;2330, 250, tr, 3.1415926;2360, 250, tr, 3.1415926;2390, 250, tr, 3.1415926;2420, 250,tr, 3.1415926;2450,250, tr, 3.1415926;2480, 250, tr, 3.1415926;2510, 250, tr, 3.1415926;2540, 250, tr, 3.1415926;2570,250,tr, 3.1415926;2600, 250, tr, 3.1415926;


2300, 220, rect, 300, 615;




3900, 450, end