600, 450, tr;
800 ,450, tr;
1000, 450, tr;
1200, 450, tr;

1550, 450, rect, 30, 120; 1760, 450, rect, 80, 80;
1550, 250, rect, 50, 280; 1520, 280, tr, 3.1415926; 1550, 280, tr, 3.1415926; 1580, 280, tr, 3.1415926; 1610, 280, tr, 3.1415926; 1640, 280, tr, 3.1415926; 1670, 280, tr, 3.1415926;

1970, 450, tr; 1996, 450, tr; 2024, 450, tr; 2052, 450, tr; 2080, 450, tr;

2300, 450, rect, 50, 100; 2480, 450, rect, 100, 100;

2580, 350, portal, ufo;

2680, 450, rect, 110, 140; 2625, 340, tr; 2655, 340, tr; 2685, 340, tr; 2715, 340, tr;

2680, 150, rect, 30, 180; 2625, 180, tr, 3.1415926; 2655, 180, tr, 3.1415926; 2685, 180, tr, 3.1415926; 2715, 180, tr, 3.1415926; 2745, 180, tr, 3.1415926

2820, 450, rect, 50, 210; 2820, 230, rect, 110, 210;

2