600, 450, tr;
900 ,450, tr; 930, 450, tr;
1100, 450, tr; 1130, 450, tr; 1160, 450, tr;
1565, 450, rect, 30, 80;1620, 450, tr;1650 ,450, tr; 1720, 450, rect, 60, 110;1875, 450, rect, 30,200;
1880, 300, rect, 30,210;1790, 330, tr, 3.1415926;1820, 330, tr, 3.1415926;1850, 330, tr, 3.1415926;1880, 330, tr, 3.1415926;1910, 330, tr, 3.1415926;1940, 330, tr, 3.1415926;1970, 330, tr, 3.1415926;

2270, 450, rect, 30, 90;2330, 450, tr;2360, 450, tr;2390 , 450, tr;2420, 450, tr; 2480, 450, rect, 100, 60;2510, 450, tr;2540, 450, tr;2570 , 450, tr;2600, 450, tr; 2807, 450, rect, 150, 384;


3000, 300, portal, ufo;

3100, 450, tr;3130, 450, tr;3160, 450, tr;3190, 450, tr;
3100, 30, tr, 3.1415926; 3130, 30, tr, 3.1415926; 3160, 30, tr, 3.1415926; 3190, 30, tr, 3.1415926;

3220, 450, tr;3250, 450, tr;3280, 450, tr;3310, 450, tr;
3220, 30, tr, 3.1415926;3250, 30, tr, 3.1415926;3280, 30, tr, 3.1415926;3310, 30, tr, 3.1415926;


3350, 350, rect, 75, 180;3350, 450, rect, 100, 60;3275, 275, tr; 3425,275 , tr;3305, 275, tr; 3395,275 , tr;

3350, 105, rect, 75, 180;3350, 30, rect, 30, 60;3275, 275, tr; 3425,275 , tr;



4000, 450, rect, 200, 400;4000, 100, rect, 200, 400;
4000, 250, portal, square