600, 450, portal, plane;
1000, 450, tr;1030, 450, tr;1060, 450, tr;1090, 450, tr;1120, 450,tr;1150,450, tr;1180, 450, tr;1210, 450, tr;1240, 450, tr;1270,450,tr;
1300, 450, tr;1330, 450, tr;1360, 450, tr;1390, 450, tr;1420, 450,tr;1450,450, tr;1480, 450, tr;1510, 450, tr;1540, 450, tr;1570,450,tr;

1000, 250, tr, 3.1415926;1030, 250, tr, 3.1415926;1060, 250, tr, 3.1415926;1090, 250, tr, 3.1415926;1120, 250,tr, 3.1415926;1150,250, tr, 3.1415926;1180, 250, tr, 3.1415926;1210, 250, tr, 3.1415926;1240, 250, tr, 3.1415926;1270,250,tr, 3.1415926;1600, 450, tr


1300, 250, tr, 3.1415926;1330, 250, tr, 3.1415926;1360, 250, tr, 3.1415926;1390, 250, tr, 3.1415926;1420, 250,tr, 3.1415926;1450,250, tr, 3.1415926;1480, 250, tr, 3.1415926;1510, 250, tr, 3.1415926;1540, 250, tr, 3.1415926;1570,250,tr, 3.1415926;1600, 250, tr, 3.1415926;


1300, 220, rect, 300, 315;


3000, 450, end